Vertices:
7.000000 0.000000 0.000000 
4.000000 0.000000 1.000000 
3.000000 0.000000 2.000000 
2.000000 0.000000 3.000000 
3.000000 0.000000 4.000000 
4.000000 0.000000 5.000000 
6.000000 0.000000 6.000000 
8.000000 0.000000 7.000000 
11.000000 0.000000 8.000000 
11.000000 0.000000 12.000000 
11.000000 0.000000 14.000000 
11.000000 0.000000 16.000000 
11.000000 0.000000 18.000000 
9.000000 0.000000 19.000000 
7.000000 0.000000 20.000000 
6.000000 0.000000 21.000000 
6.000000 0.000000 22.000000 
6.000000 0.000000 23.000000 
6.000000 0.000000 24.000000 
6.000000 0.000000 25.000000 
7.000000 0.000000 26.000000 
8.000000 0.000000 27.000000 
9.000000 0.000000 28.000000 
10.000000 0.000000 29.000000 
11.000000 0.000000 30.000000 
15.000000 0.000000 31.000000 
6.657396 2.163119 0.000000 
3.804226 1.236068 1.000000 
2.853170 0.927051 2.000000 
1.902113 0.618034 3.000000 
2.853170 0.927051 4.000000 
3.804226 1.236068 5.000000 
5.706339 1.854102 6.000000 
7.608452 2.472136 7.000000 
10.461622 3.399187 8.000000 
10.461622 3.399187 12.000000 
10.461622 3.399187 14.000000 
10.461622 3.399187 16.000000 
10.461622 3.399187 18.000000 
8.559509 2.781153 19.000000 
6.657396 2.163119 20.000000 
5.706339 1.854102 21.000000 
5.706339 1.854102 22.000000 
5.706339 1.854102 23.000000 
5.706339 1.854102 24.000000 
5.706339 1.854102 25.000000 
6.657396 2.163119 26.000000 
7.608452 2.472136 27.000000 
8.559509 2.781153 28.000000 
9.510566 3.090170 29.000000 
10.461622 3.399187 30.000000 
14.265848 4.635255 31.000000 
5.663119 4.114497 0.000000 
3.236068 2.351141 1.000000 
2.427051 1.763356 2.000000 
1.618034 1.175570 3.000000 
2.427051 1.763356 4.000000 
3.236068 2.351141 5.000000 
4.854102 3.526711 6.000000 
6.472136 4.702282 7.000000 
8.899187 6.465638 8.000000 
8.899187 6.465638 12.000000 
8.899187 6.465638 14.000000 
8.899187 6.465638 16.000000 
8.899187 6.465638 18.000000 
7.281153 5.290067 19.000000 
5.663119 4.114497 20.000000 
4.854102 3.526711 21.000000 
4.854102 3.526711 22.000000 
4.854102 3.526711 23.000000 
4.854102 3.526711 24.000000 
4.854102 3.526711 25.000000 
5.663119 4.114497 26.000000 
6.472136 4.702282 27.000000 
7.281153 5.290067 28.000000 
8.090170 5.877852 29.000000 
8.899187 6.465638 30.000000 
12.135255 8.816778 31.000000 
4.114497 5.663119 0.000000 
2.351141 3.236068 1.000000 
1.763356 2.427051 2.000000 
1.175570 1.618034 3.000000 
1.763356 2.427051 4.000000 
2.351141 3.236068 5.000000 
3.526711 4.854102 6.000000 
4.702282 6.472136 7.000000 
6.465638 8.899187 8.000000 
6.465638 8.899187 12.000000 
6.465638 8.899187 14.000000 
6.465638 8.899187 16.000000 
6.465638 8.899187 18.000000 
5.290067 7.281153 19.000000 
4.114497 5.663119 20.000000 
3.526711 4.854102 21.000000 
3.526711 4.854102 22.000000 
3.526711 4.854102 23.000000 
3.526711 4.854102 24.000000 
3.526711 4.854102 25.000000 
4.114497 5.663119 26.000000 
4.702282 6.472136 27.000000 
5.290067 7.281153 28.000000 
5.877852 8.090170 29.000000 
6.465638 8.899187 30.000000 
8.816778 12.135255 31.000000 
2.163119 6.657396 0.000000 
1.236068 3.804226 1.000000 
0.927051 2.853170 2.000000 
0.618034 1.902113 3.000000 
0.927051 2.853170 4.000000 
1.236068 3.804226 5.000000 
1.854102 5.706339 6.000000 
2.472136 7.608452 7.000000 
3.399187 10.461622 8.000000 
3.399187 10.461622 12.000000 
3.399187 10.461622 14.000000 
3.399187 10.461622 16.000000 
3.399187 10.461622 18.000000 
2.781153 8.559509 19.000000 
2.163119 6.657396 20.000000 
1.854102 5.706339 21.000000 
1.854102 5.706339 22.000000 
1.854102 5.706339 23.000000 
1.854102 5.706339 24.000000 
1.854102 5.706339 25.000000 
2.163119 6.657396 26.000000 
2.472136 7.608452 27.000000 
2.781153 8.559509 28.000000 
3.090170 9.510566 29.000000 
3.399187 10.461622 30.000000 
4.635255 14.265848 31.000000 
0.000000 7.000000 0.000000 
0.000000 4.000000 1.000000 
0.000000 3.000000 2.000000 
0.000000 2.000000 3.000000 
0.000000 3.000000 4.000000 
0.000000 4.000000 5.000000 
0.000000 6.000000 6.000000 
0.000000 8.000000 7.000000 
0.000000 11.000000 8.000000 
0.000000 11.000000 12.000000 
0.000000 11.000000 14.000000 
0.000000 11.000000 16.000000 
0.000000 11.000000 18.000000 
0.000000 9.000000 19.000000 
0.000000 7.000000 20.000000 
0.000000 6.000000 21.000000 
0.000000 6.000000 22.000000 
0.000000 6.000000 23.000000 
0.000000 6.000000 24.000000 
0.000000 6.000000 25.000000 
0.000000 7.000000 26.000000 
0.000000 8.000000 27.000000 
0.000000 9.000000 28.000000 
0.000000 10.000000 29.000000 
0.000000 11.000000 30.000000 
0.000000 15.000000 31.000000 
-2.163119 6.657396 0.000000 
-1.236068 3.804226 1.000000 
-0.927051 2.853170 2.000000 
-0.618034 1.902113 3.000000 
-0.927051 2.853170 4.000000 
-1.236068 3.804226 5.000000 
-1.854102 5.706339 6.000000 
-2.472136 7.608452 7.000000 
-3.399186 10.461622 8.000000 
-3.399186 10.461622 12.000000 
-3.399186 10.461622 14.000000 
-3.399186 10.461622 16.000000 
-3.399186 10.461622 18.000000 
-2.781152 8.559509 19.000000 
-2.163119 6.657396 20.000000 
-1.854102 5.706339 21.000000 
-1.854102 5.706339 22.000000 
-1.854102 5.706339 23.000000 
-1.854102 5.706339 24.000000 
-1.854102 5.706339 25.000000 
-2.163119 6.657396 26.000000 
-2.472136 7.608452 27.000000 
-2.781152 8.559509 28.000000 
-3.090169 9.510566 29.000000 
-3.399186 10.461622 30.000000 
-4.635254 14.265848 31.000000 
-4.114497 5.663119 0.000000 
-2.351141 3.236068 1.000000 
-1.763356 2.427051 2.000000 
-1.175570 1.618034 3.000000 
-1.763356 2.427051 4.000000 
-2.351141 3.236068 5.000000 
-3.526711 4.854102 6.000000 
-4.702282 6.472136 7.000000 
-6.465638 8.899187 8.000000 
-6.465638 8.899187 12.000000 
-6.465638 8.899187 14.000000 
-6.465638 8.899187 16.000000 
-6.465638 8.899187 18.000000 
-5.290067 7.281153 19.000000 
-4.114497 5.663119 20.000000 
-3.526711 4.854102 21.000000 
-3.526711 4.854102 22.000000 
-3.526711 4.854102 23.000000 
-3.526711 4.854102 24.000000 
-3.526711 4.854102 25.000000 
-4.114497 5.663119 26.000000 
-4.702282 6.472136 27.000000 
-5.290067 7.281153 28.000000 
-5.877852 8.090170 29.000000 
-6.465638 8.899187 30.000000 
-8.816778 12.135255 31.000000 
-5.663118 4.114497 0.000000 
-3.236068 2.351141 1.000000 
-2.427051 1.763356 2.000000 
-1.618034 1.175570 3.000000 
-2.427051 1.763356 4.000000 
-3.236068 2.351141 5.000000 
-4.854102 3.526711 6.000000 
-6.472136 4.702282 7.000000 
-8.899186 6.465638 8.000000 
-8.899186 6.465638 12.000000 
-8.899186 6.465638 14.000000 
-8.899186 6.465638 16.000000 
-8.899186 6.465638 18.000000 
-7.281153 5.290067 19.000000 
-5.663118 4.114497 20.000000 
-4.854102 3.526711 21.000000 
-4.854102 3.526711 22.000000 
-4.854102 3.526711 23.000000 
-4.854102 3.526711 24.000000 
-4.854102 3.526711 25.000000 
-5.663118 4.114497 26.000000 
-6.472136 4.702282 27.000000 
-7.281153 5.290067 28.000000 
-8.090170 5.877852 29.000000 
-8.899186 6.465638 30.000000 
-12.135254 8.816778 31.000000 
-6.657395 2.163119 0.000000 
-3.804226 1.236068 1.000000 
-2.853169 0.927051 2.000000 
-1.902113 0.618034 3.000000 
-2.853169 0.927051 4.000000 
-3.804226 1.236068 5.000000 
-5.706339 1.854102 6.000000 
-7.608452 2.472136 7.000000 
-10.461621 3.399187 8.000000 
-10.461621 3.399187 12.000000 
-10.461621 3.399187 14.000000 
-10.461621 3.399187 16.000000 
-10.461621 3.399187 18.000000 
-8.559508 2.781153 19.000000 
-6.657395 2.163119 20.000000 
-5.706339 1.854102 21.000000 
-5.706339 1.854102 22.000000 
-5.706339 1.854102 23.000000 
-5.706339 1.854102 24.000000 
-5.706339 1.854102 25.000000 
-6.657395 2.163119 26.000000 
-7.608452 2.472136 27.000000 
-8.559508 2.781153 28.000000 
-9.510565 3.090170 29.000000 
-10.461621 3.399187 30.000000 
-14.265847 4.635255 31.000000 
-7.000000 -0.000000 0.000000 
-4.000000 -0.000000 1.000000 
-3.000000 -0.000000 2.000000 
-2.000000 -0.000000 3.000000 
-3.000000 -0.000000 4.000000 
-4.000000 -0.000000 5.000000 
-6.000000 -0.000000 6.000000 
-8.000000 -0.000000 7.000000 
-11.000000 -0.000000 8.000000 
-11.000000 -0.000000 12.000000 
-11.000000 -0.000000 14.000000 
-11.000000 -0.000000 16.000000 
-11.000000 -0.000000 18.000000 
-9.000000 -0.000000 19.000000 
-7.000000 -0.000000 20.000000 
-6.000000 -0.000000 21.000000 
-6.000000 -0.000000 22.000000 
-6.000000 -0.000000 23.000000 
-6.000000 -0.000000 24.000000 
-6.000000 -0.000000 25.000000 
-7.000000 -0.000000 26.000000 
-8.000000 -0.000000 27.000000 
-9.000000 -0.000000 28.000000 
-10.000000 -0.000000 29.000000 
-11.000000 -0.000000 30.000000 
-15.000000 -0.000000 31.000000 
-6.657395 -2.163119 0.000000 
-3.804226 -1.236068 1.000000 
-2.853169 -0.927051 2.000000 
-1.902113 -0.618034 3.000000 
-2.853169 -0.927051 4.000000 
-3.804226 -1.236068 5.000000 
-5.706339 -1.854102 6.000000 
-7.608452 -2.472136 7.000000 
-10.461621 -3.399187 8.000000 
-10.461621 -3.399187 12.000000 
-10.461621 -3.399187 14.000000 
-10.461621 -3.399187 16.000000 
-10.461621 -3.399187 18.000000 
-8.559508 -2.781153 19.000000 
-6.657395 -2.163119 20.000000 
-5.706339 -1.854102 21.000000 
-5.706339 -1.854102 22.000000 
-5.706339 -1.854102 23.000000 
-5.706339 -1.854102 24.000000 
-5.706339 -1.854102 25.000000 
-6.657395 -2.163119 26.000000 
-7.608452 -2.472136 27.000000 
-8.559508 -2.781153 28.000000 
-9.510565 -3.090170 29.000000 
-10.461621 -3.399187 30.000000 
-14.265847 -4.635255 31.000000 
-5.663118 -4.114497 0.000000 
-3.236068 -2.351141 1.000000 
-2.427051 -1.763356 2.000000 
-1.618034 -1.175570 3.000000 
-2.427051 -1.763356 4.000000 
-3.236068 -2.351141 5.000000 
-4.854102 -3.526711 6.000000 
-6.472136 -4.702282 7.000000 
-8.899186 -6.465638 8.000000 
-8.899186 -6.465638 12.000000 
-8.899186 -6.465638 14.000000 
-8.899186 -6.465638 16.000000 
-8.899186 -6.465638 18.000000 
-7.281153 -5.290067 19.000000 
-5.663118 -4.114497 20.000000 
-4.854102 -3.526711 21.000000 
-4.854102 -3.526711 22.000000 
-4.854102 -3.526711 23.000000 
-4.854102 -3.526711 24.000000 
-4.854102 -3.526711 25.000000 
-5.663118 -4.114497 26.000000 
-6.472136 -4.702282 27.000000 
-7.281153 -5.290067 28.000000 
-8.090170 -5.877852 29.000000 
-8.899186 -6.465638 30.000000 
-12.135254 -8.816778 31.000000 
-4.114497 -5.663119 0.000000 
-2.351141 -3.236068 1.000000 
-1.763356 -2.427051 2.000000 
-1.175570 -1.618034 3.000000 
-1.763356 -2.427051 4.000000 
-2.351141 -3.236068 5.000000 
-3.526711 -4.854102 6.000000 
-4.702282 -6.472136 7.000000 
-6.465638 -8.899187 8.000000 
-6.465638 -8.899187 12.000000 
-6.465638 -8.899187 14.000000 
-6.465638 -8.899187 16.000000 
-6.465638 -8.899187 18.000000 
-5.290067 -7.281153 19.000000 
-4.114497 -5.663119 20.000000 
-3.526711 -4.854102 21.000000 
-3.526711 -4.854102 22.000000 
-3.526711 -4.854102 23.000000 
-3.526711 -4.854102 24.000000 
-3.526711 -4.854102 25.000000 
-4.114497 -5.663119 26.000000 
-4.702282 -6.472136 27.000000 
-5.290067 -7.281153 28.000000 
-5.877852 -8.090170 29.000000 
-6.465638 -8.899187 30.000000 
-8.816778 -12.135255 31.000000 
-2.163119 -6.657396 0.000000 
-1.236068 -3.804226 1.000000 
-0.927051 -2.853170 2.000000 
-0.618034 -1.902113 3.000000 
-0.927051 -2.853170 4.000000 
-1.236068 -3.804226 5.000000 
-1.854102 -5.706339 6.000000 
-2.472136 -7.608452 7.000000 
-3.399186 -10.461622 8.000000 
-3.399186 -10.461622 12.000000 
-3.399186 -10.461622 14.000000 
-3.399186 -10.461622 16.000000 
-3.399186 -10.461622 18.000000 
-2.781152 -8.559509 19.000000 
-2.163119 -6.657396 20.000000 
-1.854102 -5.706339 21.000000 
-1.854102 -5.706339 22.000000 
-1.854102 -5.706339 23.000000 
-1.854102 -5.706339 24.000000 
-1.854102 -5.706339 25.000000 
-2.163119 -6.657396 26.000000 
-2.472136 -7.608452 27.000000 
-2.781152 -8.559509 28.000000 
-3.090169 -9.510566 29.000000 
-3.399186 -10.461622 30.000000 
-4.635254 -14.265848 31.000000 
0.000000 -7.000000 0.000000 
0.000000 -4.000000 1.000000 
0.000000 -3.000000 2.000000 
0.000000 -2.000000 3.000000 
0.000000 -3.000000 4.000000 
0.000000 -4.000000 5.000000 
0.000000 -6.000000 6.000000 
0.000000 -8.000000 7.000000 
0.000000 -11.000000 8.000000 
0.000000 -11.000000 12.000000 
0.000000 -11.000000 14.000000 
0.000000 -11.000000 16.000000 
0.000000 -11.000000 18.000000 
0.000000 -9.000000 19.000000 
0.000000 -7.000000 20.000000 
0.000000 -6.000000 21.000000 
0.000000 -6.000000 22.000000 
0.000000 -6.000000 23.000000 
0.000000 -6.000000 24.000000 
0.000000 -6.000000 25.000000 
0.000000 -7.000000 26.000000 
0.000000 -8.000000 27.000000 
0.000000 -9.000000 28.000000 
0.000000 -10.000000 29.000000 
0.000000 -11.000000 30.000000 
0.000000 -15.000000 31.000000 
2.163119 -6.657396 0.000000 
1.236068 -3.804226 1.000000 
0.927051 -2.853170 2.000000 
0.618034 -1.902113 3.000000 
0.927051 -2.853170 4.000000 
1.236068 -3.804226 5.000000 
1.854102 -5.706339 6.000000 
2.472136 -7.608452 7.000000 
3.399187 -10.461622 8.000000 
3.399187 -10.461622 12.000000 
3.399187 -10.461622 14.000000 
3.399187 -10.461622 16.000000 
3.399187 -10.461622 18.000000 
2.781153 -8.559509 19.000000 
2.163119 -6.657396 20.000000 
1.854102 -5.706339 21.000000 
1.854102 -5.706339 22.000000 
1.854102 -5.706339 23.000000 
1.854102 -5.706339 24.000000 
1.854102 -5.706339 25.000000 
2.163119 -6.657396 26.000000 
2.472136 -7.608452 27.000000 
2.781153 -8.559509 28.000000 
3.090170 -9.510566 29.000000 
3.399187 -10.461622 30.000000 
4.635255 -14.265848 31.000000 
4.114497 -5.663119 0.000000 
2.351141 -3.236068 1.000000 
1.763356 -2.427051 2.000000 
1.175570 -1.618034 3.000000 
1.763356 -2.427051 4.000000 
2.351141 -3.236068 5.000000 
3.526711 -4.854102 6.000000 
4.702282 -6.472136 7.000000 
6.465638 -8.899187 8.000000 
6.465638 -8.899187 12.000000 
6.465638 -8.899187 14.000000 
6.465638 -8.899187 16.000000 
6.465638 -8.899187 18.000000 
5.290067 -7.281153 19.000000 
4.114497 -5.663119 20.000000 
3.526711 -4.854102 21.000000 
3.526711 -4.854102 22.000000 
3.526711 -4.854102 23.000000 
3.526711 -4.854102 24.000000 
3.526711 -4.854102 25.000000 
4.114497 -5.663119 26.000000 
4.702282 -6.472136 27.000000 
5.290067 -7.281153 28.000000 
5.877852 -8.090170 29.000000 
6.465638 -8.899187 30.000000 
8.816778 -12.135255 31.000000 
5.663119 -4.114497 0.000000 
3.236068 -2.351141 1.000000 
2.427051 -1.763356 2.000000 
1.618034 -1.175570 3.000000 
2.427051 -1.763356 4.000000 
3.236068 -2.351141 5.000000 
4.854102 -3.526711 6.000000 
6.472136 -4.702282 7.000000 
8.899187 -6.465638 8.000000 
8.899187 -6.465638 12.000000 
8.899187 -6.465638 14.000000 
8.899187 -6.465638 16.000000 
8.899187 -6.465638 18.000000 
7.281153 -5.290067 19.000000 
5.663119 -4.114497 20.000000 
4.854102 -3.526711 21.000000 
4.854102 -3.526711 22.000000 
4.854102 -3.526711 23.000000 
4.854102 -3.526711 24.000000 
4.854102 -3.526711 25.000000 
5.663119 -4.114497 26.000000 
6.472136 -4.702282 27.000000 
7.281153 -5.290067 28.000000 
8.090170 -5.877852 29.000000 
8.899187 -6.465638 30.000000 
12.135255 -8.816778 31.000000 
6.657396 -2.163119 0.000000 
3.804226 -1.236068 1.000000 
2.853170 -0.927051 2.000000 
1.902113 -0.618034 3.000000 
2.853170 -0.927051 4.000000 
3.804226 -1.236068 5.000000 
5.706339 -1.854102 6.000000 
7.608452 -2.472136 7.000000 
10.461622 -3.399187 8.000000 
10.461622 -3.399187 12.000000 
10.461622 -3.399187 14.000000 
10.461622 -3.399187 16.000000 
10.461622 -3.399187 18.000000 
8.559509 -2.781153 19.000000 
6.657396 -2.163119 20.000000 
5.706339 -1.854102 21.000000 
5.706339 -1.854102 22.000000 
5.706339 -1.854102 23.000000 
5.706339 -1.854102 24.000000 
5.706339 -1.854102 25.000000 
6.657396 -2.163119 26.000000 
7.608452 -2.472136 27.000000 
8.559509 -2.781153 28.000000 
9.510566 -3.090170 29.000000 
10.461622 -3.399187 30.000000 
14.265848 -4.635255 31.000000 
Faces:
0 26 1 0 0 0 
1 26 27 1 1 1 
1 27 2 2 2 2 
2 27 28 3 3 3 
2 28 3 4 4 4 
3 28 29 5 5 5 
3 29 4 6 6 6 
4 29 30 7 7 7 
4 30 5 8 8 8 
5 30 31 9 9 9 
5 31 6 10 10 10 
6 31 32 11 11 11 
6 32 7 12 12 12 
7 32 33 13 13 13 
7 33 8 14 14 14 
8 33 34 15 15 15 
8 34 9 16 16 16 
9 34 35 17 17 17 
9 35 10 18 18 18 
10 35 36 19 19 19 
10 36 11 20 20 20 
11 36 37 21 21 21 
11 37 12 22 22 22 
12 37 38 23 23 23 
12 38 13 24 24 24 
13 38 39 25 25 25 
13 39 14 26 26 26 
14 39 40 27 27 27 
14 40 15 28 28 28 
15 40 41 29 29 29 
15 41 16 30 30 30 
16 41 42 31 31 31 
16 42 17 32 32 32 
17 42 43 33 33 33 
17 43 18 34 34 34 
18 43 44 35 35 35 
18 44 19 36 36 36 
19 44 45 37 37 37 
19 45 20 38 38 38 
20 45 46 39 39 39 
20 46 21 40 40 40 
21 46 47 41 41 41 
21 47 22 42 42 42 
22 47 48 43 43 43 
22 48 23 44 44 44 
23 48 49 45 45 45 
23 49 24 46 46 46 
24 49 50 47 47 47 
24 50 25 48 48 48 
25 50 51 49 49 49 
26 52 27 50 50 50 
27 52 53 51 51 51 
27 53 28 52 52 52 
28 53 54 53 53 53 
28 54 29 54 54 54 
29 54 55 55 55 55 
29 55 30 56 56 56 
30 55 56 57 57 57 
30 56 31 58 58 58 
31 56 57 59 59 59 
31 57 32 60 60 60 
32 57 58 61 61 61 
32 58 33 62 62 62 
33 58 59 63 63 63 
33 59 34 64 64 64 
34 59 60 65 65 65 
34 60 35 66 66 66 
35 60 61 67 67 67 
35 61 36 68 68 68 
36 61 62 69 69 69 
36 62 37 70 70 70 
37 62 63 71 71 71 
37 63 38 72 72 72 
38 63 64 73 73 73 
38 64 39 74 74 74 
39 64 65 75 75 75 
39 65 40 76 76 76 
40 65 66 77 77 77 
40 66 41 78 78 78 
41 66 67 79 79 79 
41 67 42 80 80 80 
42 67 68 81 81 81 
42 68 43 82 82 82 
43 68 69 83 83 83 
43 69 44 84 84 84 
44 69 70 85 85 85 
44 70 45 86 86 86 
45 70 71 87 87 87 
45 71 46 88 88 88 
46 71 72 89 89 89 
46 72 47 90 90 90 
47 72 73 91 91 91 
47 73 48 92 92 92 
48 73 74 93 93 93 
48 74 49 94 94 94 
49 74 75 95 95 95 
49 75 50 96 96 96 
50 75 76 97 97 97 
50 76 51 98 98 98 
51 76 77 99 99 99 
52 78 53 100 100 100 
53 78 79 101 101 101 
53 79 54 102 102 102 
54 79 80 103 103 103 
54 80 55 104 104 104 
55 80 81 105 105 105 
55 81 56 106 106 106 
56 81 82 107 107 107 
56 82 57 108 108 108 
57 82 83 109 109 109 
57 83 58 110 110 110 
58 83 84 111 111 111 
58 84 59 112 112 112 
59 84 85 113 113 113 
59 85 60 114 114 114 
60 85 86 115 115 115 
60 86 61 116 116 116 
61 86 87 117 117 117 
61 87 62 118 118 118 
62 87 88 119 119 119 
62 88 63 120 120 120 
63 88 89 121 121 121 
63 89 64 122 122 122 
64 89 90 123 123 123 
64 90 65 124 124 124 
65 90 91 125 125 125 
65 91 66 126 126 126 
66 91 92 127 127 127 
66 92 67 128 128 128 
67 92 93 129 129 129 
67 93 68 130 130 130 
68 93 94 131 131 131 
68 94 69 132 132 132 
69 94 95 133 133 133 
69 95 70 134 134 134 
70 95 96 135 135 135 
70 96 71 136 136 136 
71 96 97 137 137 137 
71 97 72 138 138 138 
72 97 98 139 139 139 
72 98 73 140 140 140 
73 98 99 141 141 141 
73 99 74 142 142 142 
74 99 100 143 143 143 
74 100 75 144 144 144 
75 100 101 145 145 145 
75 101 76 146 146 146 
76 101 102 147 147 147 
76 102 77 148 148 148 
77 102 103 149 149 149 
78 104 79 150 150 150 
79 104 105 151 151 151 
79 105 80 152 152 152 
80 105 106 153 153 153 
80 106 81 154 154 154 
81 106 107 155 155 155 
81 107 82 156 156 156 
82 107 108 157 157 157 
82 108 83 158 158 158 
83 108 109 159 159 159 
83 109 84 160 160 160 
84 109 110 161 161 161 
84 110 85 162 162 162 
85 110 111 163 163 163 
85 111 86 164 164 164 
86 111 112 165 165 165 
86 112 87 166 166 166 
87 112 113 167 167 167 
87 113 88 168 168 168 
88 113 114 169 169 169 
88 114 89 170 170 170 
89 114 115 171 171 171 
89 115 90 172 172 172 
90 115 116 173 173 173 
90 116 91 174 174 174 
91 116 117 175 175 175 
91 117 92 176 176 176 
92 117 118 177 177 177 
92 118 93 178 178 178 
93 118 119 179 179 179 
93 119 94 180 180 180 
94 119 120 181 181 181 
94 120 95 182 182 182 
95 120 121 183 183 183 
95 121 96 184 184 184 
96 121 122 185 185 185 
96 122 97 186 186 186 
97 122 123 187 187 187 
97 123 98 188 188 188 
98 123 124 189 189 189 
98 124 99 190 190 190 
99 124 125 191 191 191 
99 125 100 192 192 192 
100 125 126 193 193 193 
100 126 101 194 194 194 
101 126 127 195 195 195 
101 127 102 196 196 196 
102 127 128 197 197 197 
102 128 103 198 198 198 
103 128 129 199 199 199 
104 130 105 200 200 200 
105 130 131 201 201 201 
105 131 106 202 202 202 
106 131 132 203 203 203 
106 132 107 204 204 204 
107 132 133 205 205 205 
107 133 108 206 206 206 
108 133 134 207 207 207 
108 134 109 208 208 208 
109 134 135 209 209 209 
109 135 110 210 210 210 
110 135 136 211 211 211 
110 136 111 212 212 212 
111 136 137 213 213 213 
111 137 112 214 214 214 
112 137 138 215 215 215 
112 138 113 216 216 216 
113 138 139 217 217 217 
113 139 114 218 218 218 
114 139 140 219 219 219 
114 140 115 220 220 220 
115 140 141 221 221 221 
115 141 116 222 222 222 
116 141 142 223 223 223 
116 142 117 224 224 224 
117 142 143 225 225 225 
117 143 118 226 226 226 
118 143 144 227 227 227 
118 144 119 228 228 228 
119 144 145 229 229 229 
119 145 120 230 230 230 
120 145 146 231 231 231 
120 146 121 232 232 232 
121 146 147 233 233 233 
121 147 122 234 234 234 
122 147 148 235 235 235 
122 148 123 236 236 236 
123 148 149 237 237 237 
123 149 124 238 238 238 
124 149 150 239 239 239 
124 150 125 240 240 240 
125 150 151 241 241 241 
125 151 126 242 242 242 
126 151 152 243 243 243 
126 152 127 244 244 244 
127 152 153 245 245 245 
127 153 128 246 246 246 
128 153 154 247 247 247 
128 154 129 248 248 248 
129 154 155 249 249 249 
130 156 131 250 250 250 
131 156 157 251 251 251 
131 157 132 252 252 252 
132 157 158 253 253 253 
132 158 133 254 254 254 
133 158 159 255 255 255 
133 159 134 256 256 256 
134 159 160 257 257 257 
134 160 135 258 258 258 
135 160 161 259 259 259 
135 161 136 260 260 260 
136 161 162 261 261 261 
136 162 137 262 262 262 
137 162 163 263 263 263 
137 163 138 264 264 264 
138 163 164 265 265 265 
138 164 139 266 266 266 
139 164 165 267 267 267 
139 165 140 268 268 268 
140 165 166 269 269 269 
140 166 141 270 270 270 
141 166 167 271 271 271 
141 167 142 272 272 272 
142 167 168 273 273 273 
142 168 143 274 274 274 
143 168 169 275 275 275 
143 169 144 276 276 276 
144 169 170 277 277 277 
144 170 145 278 278 278 
145 170 171 279 279 279 
145 171 146 280 280 280 
146 171 172 281 281 281 
146 172 147 282 282 282 
147 172 173 283 283 283 
147 173 148 284 284 284 
148 173 174 285 285 285 
148 174 149 286 286 286 
149 174 175 287 287 287 
149 175 150 288 288 288 
150 175 176 289 289 289 
150 176 151 290 290 290 
151 176 177 291 291 291 
151 177 152 292 292 292 
152 177 178 293 293 293 
152 178 153 294 294 294 
153 178 179 295 295 295 
153 179 154 296 296 296 
154 179 180 297 297 297 
154 180 155 298 298 298 
155 180 181 299 299 299 
156 182 157 300 300 300 
157 182 183 301 301 301 
157 183 158 302 302 302 
158 183 184 303 303 303 
158 184 159 304 304 304 
159 184 185 305 305 305 
159 185 160 306 306 306 
160 185 186 307 307 307 
160 186 161 308 308 308 
161 186 187 309 309 309 
161 187 162 310 310 310 
162 187 188 311 311 311 
162 188 163 312 312 312 
163 188 189 313 313 313 
163 189 164 314 314 314 
164 189 190 315 315 315 
164 190 165 316 316 316 
165 190 191 317 317 317 
165 191 166 318 318 318 
166 191 192 319 319 319 
166 192 167 320 320 320 
167 192 193 321 321 321 
167 193 168 322 322 322 
168 193 194 323 323 323 
168 194 169 324 324 324 
169 194 195 325 325 325 
169 195 170 326 326 326 
170 195 196 327 327 327 
170 196 171 328 328 328 
171 196 197 329 329 329 
171 197 172 330 330 330 
172 197 198 331 331 331 
172 198 173 332 332 332 
173 198 199 333 333 333 
173 199 174 334 334 334 
174 199 200 335 335 335 
174 200 175 336 336 336 
175 200 201 337 337 337 
175 201 176 338 338 338 
176 201 202 339 339 339 
176 202 177 340 340 340 
177 202 203 341 341 341 
177 203 178 342 342 342 
178 203 204 343 343 343 
178 204 179 344 344 344 
179 204 205 345 345 345 
179 205 180 346 346 346 
180 205 206 347 347 347 
180 206 181 348 348 348 
181 206 207 349 349 349 
182 208 183 350 350 350 
183 208 209 351 351 351 
183 209 184 352 352 352 
184 209 210 353 353 353 
184 210 185 354 354 354 
185 210 211 355 355 355 
185 211 186 356 356 356 
186 211 212 357 357 357 
186 212 187 358 358 358 
187 212 213 359 359 359 
187 213 188 360 360 360 
188 213 214 361 361 361 
188 214 189 362 362 362 
189 214 215 363 363 363 
189 215 190 364 364 364 
190 215 216 365 365 365 
190 216 191 366 366 366 
191 216 217 367 367 367 
191 217 192 368 368 368 
192 217 218 369 369 369 
192 218 193 370 370 370 
193 218 219 371 371 371 
193 219 194 372 372 372 
194 219 220 373 373 373 
194 220 195 374 374 374 
195 220 221 375 375 375 
195 221 196 376 376 376 
196 221 222 377 377 377 
196 222 197 378 378 378 
197 222 223 379 379 379 
197 223 198 380 380 380 
198 223 224 381 381 381 
198 224 199 382 382 382 
199 224 225 383 383 383 
199 225 200 384 384 384 
200 225 226 385 385 385 
200 226 201 386 386 386 
201 226 227 387 387 387 
201 227 202 388 388 388 
202 227 228 389 389 389 
202 228 203 390 390 390 
203 228 229 391 391 391 
203 229 204 392 392 392 
204 229 230 393 393 393 
204 230 205 394 394 394 
205 230 231 395 395 395 
205 231 206 396 396 396 
206 231 232 397 397 397 
206 232 207 398 398 398 
207 232 233 399 399 399 
208 234 209 400 400 400 
209 234 235 401 401 401 
209 235 210 402 402 402 
210 235 236 403 403 403 
210 236 211 404 404 404 
211 236 237 405 405 405 
211 237 212 406 406 406 
212 237 238 407 407 407 
212 238 213 408 408 408 
213 238 239 409 409 409 
213 239 214 410 410 410 
214 239 240 411 411 411 
214 240 215 412 412 412 
215 240 241 413 413 413 
215 241 216 414 414 414 
216 241 242 415 415 415 
216 242 217 416 416 416 
217 242 243 417 417 417 
217 243 218 418 418 418 
218 243 244 419 419 419 
218 244 219 420 420 420 
219 244 245 421 421 421 
219 245 220 422 422 422 
220 245 246 423 423 423 
220 246 221 424 424 424 
221 246 247 425 425 425 
221 247 222 426 426 426 
222 247 248 427 427 427 
222 248 223 428 428 428 
223 248 249 429 429 429 
223 249 224 430 430 430 
224 249 250 431 431 431 
224 250 225 432 432 432 
225 250 251 433 433 433 
225 251 226 434 434 434 
226 251 252 435 435 435 
226 252 227 436 436 436 
227 252 253 437 437 437 
227 253 228 438 438 438 
228 253 254 439 439 439 
228 254 229 440 440 440 
229 254 255 441 441 441 
229 255 230 442 442 442 
230 255 256 443 443 443 
230 256 231 444 444 444 
231 256 257 445 445 445 
231 257 232 446 446 446 
232 257 258 447 447 447 
232 258 233 448 448 448 
233 258 259 449 449 449 
234 260 235 450 450 450 
235 260 261 451 451 451 
235 261 236 452 452 452 
236 261 262 453 453 453 
236 262 237 454 454 454 
237 262 263 455 455 455 
237 263 238 456 456 456 
238 263 264 457 457 457 
238 264 239 458 458 458 
239 264 265 459 459 459 
239 265 240 460 460 460 
240 265 266 461 461 461 
240 266 241 462 462 462 
241 266 267 463 463 463 
241 267 242 464 464 464 
242 267 268 465 465 465 
242 268 243 466 466 466 
243 268 269 467 467 467 
243 269 244 468 468 468 
244 269 270 469 469 469 
244 270 245 470 470 470 
245 270 271 471 471 471 
245 271 246 472 472 472 
246 271 272 473 473 473 
246 272 247 474 474 474 
247 272 273 475 475 475 
247 273 248 476 476 476 
248 273 274 477 477 477 
248 274 249 478 478 478 
249 274 275 479 479 479 
249 275 250 480 480 480 
250 275 276 481 481 481 
250 276 251 482 482 482 
251 276 277 483 483 483 
251 277 252 484 484 484 
252 277 278 485 485 485 
252 278 253 486 486 486 
253 278 279 487 487 487 
253 279 254 488 488 488 
254 279 280 489 489 489 
254 280 255 490 490 490 
255 280 281 491 491 491 
255 281 256 492 492 492 
256 281 282 493 493 493 
256 282 257 494 494 494 
257 282 283 495 495 495 
257 283 258 496 496 496 
258 283 284 497 497 497 
258 284 259 498 498 498 
259 284 285 499 499 499 
260 286 261 500 500 500 
261 286 287 501 501 501 
261 287 262 502 502 502 
262 287 288 503 503 503 
262 288 263 504 504 504 
263 288 289 505 505 505 
263 289 264 506 506 506 
264 289 290 507 507 507 
264 290 265 508 508 508 
265 290 291 509 509 509 
265 291 266 510 510 510 
266 291 292 511 511 511 
266 292 267 512 512 512 
267 292 293 513 513 513 
267 293 268 514 514 514 
268 293 294 515 515 515 
268 294 269 516 516 516 
269 294 295 517 517 517 
269 295 270 518 518 518 
270 295 296 519 519 519 
270 296 271 520 520 520 
271 296 297 521 521 521 
271 297 272 522 522 522 
272 297 298 523 523 523 
272 298 273 524 524 524 
273 298 299 525 525 525 
273 299 274 526 526 526 
274 299 300 527 527 527 
274 300 275 528 528 528 
275 300 301 529 529 529 
275 301 276 530 530 530 
276 301 302 531 531 531 
276 302 277 532 532 532 
277 302 303 533 533 533 
277 303 278 534 534 534 
278 303 304 535 535 535 
278 304 279 536 536 536 
279 304 305 537 537 537 
279 305 280 538 538 538 
280 305 306 539 539 539 
280 306 281 540 540 540 
281 306 307 541 541 541 
281 307 282 542 542 542 
282 307 308 543 543 543 
282 308 283 544 544 544 
283 308 309 545 545 545 
283 309 284 546 546 546 
284 309 310 547 547 547 
284 310 285 548 548 548 
285 310 311 549 549 549 
286 312 287 550 550 550 
287 312 313 551 551 551 
287 313 288 552 552 552 
288 313 314 553 553 553 
288 314 289 554 554 554 
289 314 315 555 555 555 
289 315 290 556 556 556 
290 315 316 557 557 557 
290 316 291 558 558 558 
291 316 317 559 559 559 
291 317 292 560 560 560 
292 317 318 561 561 561 
292 318 293 562 562 562 
293 318 319 563 563 563 
293 319 294 564 564 564 
294 319 320 565 565 565 
294 320 295 566 566 566 
295 320 321 567 567 567 
295 321 296 568 568 568 
296 321 322 569 569 569 
296 322 297 570 570 570 
297 322 323 571 571 571 
297 323 298 572 572 572 
298 323 324 573 573 573 
298 324 299 574 574 574 
299 324 325 575 575 575 
299 325 300 576 576 576 
300 325 326 577 577 577 
300 326 301 578 578 578 
301 326 327 579 579 579 
301 327 302 580 580 580 
302 327 328 581 581 581 
302 328 303 582 582 582 
303 328 329 583 583 583 
303 329 304 584 584 584 
304 329 330 585 585 585 
304 330 305 586 586 586 
305 330 331 587 587 587 
305 331 306 588 588 588 
306 331 332 589 589 589 
306 332 307 590 590 590 
307 332 333 591 591 591 
307 333 308 592 592 592 
308 333 334 593 593 593 
308 334 309 594 594 594 
309 334 335 595 595 595 
309 335 310 596 596 596 
310 335 336 597 597 597 
310 336 311 598 598 598 
311 336 337 599 599 599 
312 338 313 600 600 600 
313 338 339 601 601 601 
313 339 314 602 602 602 
314 339 340 603 603 603 
314 340 315 604 604 604 
315 340 341 605 605 605 
315 341 316 606 606 606 
316 341 342 607 607 607 
316 342 317 608 608 608 
317 342 343 609 609 609 
317 343 318 610 610 610 
318 343 344 611 611 611 
318 344 319 612 612 612 
319 344 345 613 613 613 
319 345 320 614 614 614 
320 345 346 615 615 615 
320 346 321 616 616 616 
321 346 347 617 617 617 
321 347 322 618 618 618 
322 347 348 619 619 619 
322 348 323 620 620 620 
323 348 349 621 621 621 
323 349 324 622 622 622 
324 349 350 623 623 623 
324 350 325 624 624 624 
325 350 351 625 625 625 
325 351 326 626 626 626 
326 351 352 627 627 627 
326 352 327 628 628 628 
327 352 353 629 629 629 
327 353 328 630 630 630 
328 353 354 631 631 631 
328 354 329 632 632 632 
329 354 355 633 633 633 
329 355 330 634 634 634 
330 355 356 635 635 635 
330 356 331 636 636 636 
331 356 357 637 637 637 
331 357 332 638 638 638 
332 357 358 639 639 639 
332 358 333 640 640 640 
333 358 359 641 641 641 
333 359 334 642 642 642 
334 359 360 643 643 643 
334 360 335 644 644 644 
335 360 361 645 645 645 
335 361 336 646 646 646 
336 361 362 647 647 647 
336 362 337 648 648 648 
337 362 363 649 649 649 
338 364 339 650 650 650 
339 364 365 651 651 651 
339 365 340 652 652 652 
340 365 366 653 653 653 
340 366 341 654 654 654 
341 366 367 655 655 655 
341 367 342 656 656 656 
342 367 368 657 657 657 
342 368 343 658 658 658 
343 368 369 659 659 659 
343 369 344 660 660 660 
344 369 370 661 661 661 
344 370 345 662 662 662 
345 370 371 663 663 663 
345 371 346 664 664 664 
346 371 372 665 665 665 
346 372 347 666 666 666 
347 372 373 667 667 667 
347 373 348 668 668 668 
348 373 374 669 669 669 
348 374 349 670 670 670 
349 374 375 671 671 671 
349 375 350 672 672 672 
350 375 376 673 673 673 
350 376 351 674 674 674 
351 376 377 675 675 675 
351 377 352 676 676 676 
352 377 378 677 677 677 
352 378 353 678 678 678 
353 378 379 679 679 679 
353 379 354 680 680 680 
354 379 380 681 681 681 
354 380 355 682 682 682 
355 380 381 683 683 683 
355 381 356 684 684 684 
356 381 382 685 685 685 
356 382 357 686 686 686 
357 382 383 687 687 687 
357 383 358 688 688 688 
358 383 384 689 689 689 
358 384 359 690 690 690 
359 384 385 691 691 691 
359 385 360 692 692 692 
360 385 386 693 693 693 
360 386 361 694 694 694 
361 386 387 695 695 695 
361 387 362 696 696 696 
362 387 388 697 697 697 
362 388 363 698 698 698 
363 388 389 699 699 699 
364 390 365 700 700 700 
365 390 391 701 701 701 
365 391 366 702 702 702 
366 391 392 703 703 703 
366 392 367 704 704 704 
367 392 393 705 705 705 
367 393 368 706 706 706 
368 393 394 707 707 707 
368 394 369 708 708 708 
369 394 395 709 709 709 
369 395 370 710 710 710 
370 395 396 711 711 711 
370 396 371 712 712 712 
371 396 397 713 713 713 
371 397 372 714 714 714 
372 397 398 715 715 715 
372 398 373 716 716 716 
373 398 399 717 717 717 
373 399 374 718 718 718 
374 399 400 719 719 719 
374 400 375 720 720 720 
375 400 401 721 721 721 
375 401 376 722 722 722 
376 401 402 723 723 723 
376 402 377 724 724 724 
377 402 403 725 725 725 
377 403 378 726 726 726 
378 403 404 727 727 727 
378 404 379 728 728 728 
379 404 405 729 729 729 
379 405 380 730 730 730 
380 405 406 731 731 731 
380 406 381 732 732 732 
381 406 407 733 733 733 
381 407 382 734 734 734 
382 407 408 735 735 735 
382 408 383 736 736 736 
383 408 409 737 737 737 
383 409 384 738 738 738 
384 409 410 739 739 739 
384 410 385 740 740 740 
385 410 411 741 741 741 
385 411 386 742 742 742 
386 411 412 743 743 743 
386 412 387 744 744 744 
387 412 413 745 745 745 
387 413 388 746 746 746 
388 413 414 747 747 747 
388 414 389 748 748 748 
389 414 415 749 749 749 
390 416 391 750 750 750 
391 416 417 751 751 751 
391 417 392 752 752 752 
392 417 418 753 753 753 
392 418 393 754 754 754 
393 418 419 755 755 755 
393 419 394 756 756 756 
394 419 420 757 757 757 
394 420 395 758 758 758 
395 420 421 759 759 759 
395 421 396 760 760 760 
396 421 422 761 761 761 
396 422 397 762 762 762 
397 422 423 763 763 763 
397 423 398 764 764 764 
398 423 424 765 765 765 
398 424 399 766 766 766 
399 424 425 767 767 767 
399 425 400 768 768 768 
400 425 426 769 769 769 
400 426 401 770 770 770 
401 426 427 771 771 771 
401 427 402 772 772 772 
402 427 428 773 773 773 
402 428 403 774 774 774 
403 428 429 775 775 775 
403 429 404 776 776 776 
404 429 430 777 777 777 
404 430 405 778 778 778 
405 430 431 779 779 779 
405 431 406 780 780 780 
406 431 432 781 781 781 
406 432 407 782 782 782 
407 432 433 783 783 783 
407 433 408 784 784 784 
408 433 434 785 785 785 
408 434 409 786 786 786 
409 434 435 787 787 787 
409 435 410 788 788 788 
410 435 436 789 789 789 
410 436 411 790 790 790 
411 436 437 791 791 791 
411 437 412 792 792 792 
412 437 438 793 793 793 
412 438 413 794 794 794 
413 438 439 795 795 795 
413 439 414 796 796 796 
414 439 440 797 797 797 
414 440 415 798 798 798 
415 440 441 799 799 799 
416 442 417 800 800 800 
417 442 443 801 801 801 
417 443 418 802 802 802 
418 443 444 803 803 803 
418 444 419 804 804 804 
419 444 445 805 805 805 
419 445 420 806 806 806 
420 445 446 807 807 807 
420 446 421 808 808 808 
421 446 447 809 809 809 
421 447 422 810 810 810 
422 447 448 811 811 811 
422 448 423 812 812 812 
423 448 449 813 813 813 
423 449 424 814 814 814 
424 449 450 815 815 815 
424 450 425 816 816 816 
425 450 451 817 817 817 
425 451 426 818 818 818 
426 451 452 819 819 819 
426 452 427 820 820 820 
427 452 453 821 821 821 
427 453 428 822 822 822 
428 453 454 823 823 823 
428 454 429 824 824 824 
429 454 455 825 825 825 
429 455 430 826 826 826 
430 455 456 827 827 827 
430 456 431 828 828 828 
431 456 457 829 829 829 
431 457 432 830 830 830 
432 457 458 831 831 831 
432 458 433 832 832 832 
433 458 459 833 833 833 
433 459 434 834 834 834 
434 459 460 835 835 835 
434 460 435 836 836 836 
435 460 461 837 837 837 
435 461 436 838 838 838 
436 461 462 839 839 839 
436 462 437 840 840 840 
437 462 463 841 841 841 
437 463 438 842 842 842 
438 463 464 843 843 843 
438 464 439 844 844 844 
439 464 465 845 845 845 
439 465 440 846 846 846 
440 465 466 847 847 847 
440 466 441 848 848 848 
441 466 467 849 849 849 
442 468 443 850 850 850 
443 468 469 851 851 851 
443 469 444 852 852 852 
444 469 470 853 853 853 
444 470 445 854 854 854 
445 470 471 855 855 855 
445 471 446 856 856 856 
446 471 472 857 857 857 
446 472 447 858 858 858 
447 472 473 859 859 859 
447 473 448 860 860 860 
448 473 474 861 861 861 
448 474 449 862 862 862 
449 474 475 863 863 863 
449 475 450 864 864 864 
450 475 476 865 865 865 
450 476 451 866 866 866 
451 476 477 867 867 867 
451 477 452 868 868 868 
452 477 478 869 869 869 
452 478 453 870 870 870 
453 478 479 871 871 871 
453 479 454 872 872 872 
454 479 480 873 873 873 
454 480 455 874 874 874 
455 480 481 875 875 875 
455 481 456 876 876 876 
456 481 482 877 877 877 
456 482 457 878 878 878 
457 482 483 879 879 879 
457 483 458 880 880 880 
458 483 484 881 881 881 
458 484 459 882 882 882 
459 484 485 883 883 883 
459 485 460 884 884 884 
460 485 486 885 885 885 
460 486 461 886 886 886 
461 486 487 887 887 887 
461 487 462 888 888 888 
462 487 488 889 889 889 
462 488 463 890 890 890 
463 488 489 891 891 891 
463 489 464 892 892 892 
464 489 490 893 893 893 
464 490 465 894 894 894 
465 490 491 895 895 895 
465 491 466 896 896 896 
466 491 492 897 897 897 
466 492 467 898 898 898 
467 492 493 899 899 899 
468 494 469 900 900 900 
469 494 495 901 901 901 
469 495 470 902 902 902 
470 495 496 903 903 903 
470 496 471 904 904 904 
471 496 497 905 905 905 
471 497 472 906 906 906 
472 497 498 907 907 907 
472 498 473 908 908 908 
473 498 499 909 909 909 
473 499 474 910 910 910 
474 499 500 911 911 911 
474 500 475 912 912 912 
475 500 501 913 913 913 
475 501 476 914 914 914 
476 501 502 915 915 915 
476 502 477 916 916 916 
477 502 503 917 917 917 
477 503 478 918 918 918 
478 503 504 919 919 919 
478 504 479 920 920 920 
479 504 505 921 921 921 
479 505 480 922 922 922 
480 505 506 923 923 923 
480 506 481 924 924 924 
481 506 507 925 925 925 
481 507 482 926 926 926 
482 507 508 927 927 927 
482 508 483 928 928 928 
483 508 509 929 929 929 
483 509 484 930 930 930 
484 509 510 931 931 931 
484 510 485 932 932 932 
485 510 511 933 933 933 
485 511 486 934 934 934 
486 511 512 935 935 935 
486 512 487 936 936 936 
487 512 513 937 937 937 
487 513 488 938 938 938 
488 513 514 939 939 939 
488 514 489 940 940 940 
489 514 515 941 941 941 
489 515 490 942 942 942 
490 515 516 943 943 943 
490 516 491 944 944 944 
491 516 517 945 945 945 
491 517 492 946 946 946 
492 517 518 947 947 947 
492 518 493 948 948 948 
493 518 519 949 949 949 
494 0 495 950 950 950 
495 0 1 951 951 951 
495 1 496 952 952 952 
496 1 2 953 953 953 
496 2 497 954 954 954 
497 2 3 955 955 955 
497 3 498 956 956 956 
498 3 4 957 957 957 
498 4 499 958 958 958 
499 4 5 959 959 959 
499 5 500 960 960 960 
500 5 6 961 961 961 
500 6 501 962 962 962 
501 6 7 963 963 963 
501 7 502 964 964 964 
502 7 8 965 965 965 
502 8 503 966 966 966 
503 8 9 967 967 967 
503 9 504 968 968 968 
504 9 10 969 969 969 
504 10 505 970 970 970 
505 10 11 971 971 971 
505 11 506 972 972 972 
506 11 12 973 973 973 
506 12 507 974 974 974 
507 12 13 975 975 975 
507 13 508 976 976 976 
508 13 14 977 977 977 
508 14 509 978 978 978 
509 14 15 979 979 979 
509 15 510 980 980 980 
510 15 16 981 981 981 
510 16 511 982 982 982 
511 16 17 983 983 983 
511 17 512 984 984 984 
512 17 18 985 985 985 
512 18 513 986 986 986 
513 18 19 987 987 987 
513 19 514 988 988 988 
514 19 20 989 989 989 
514 20 515 990 990 990 
515 20 21 991 991 991 
515 21 516 992 992 992 
516 21 22 993 993 993 
516 22 517 994 994 994 
517 22 23 995 995 995 
517 23 518 996 996 996 
518 23 24 997 997 997 
518 24 519 998 998 998 
519 24 25 999 999 999 
Normals:
0.315832 0.050023 0.947496 
0.315832 0.050023 0.947496 
0.702713 0.111299 0.702713 
0.702714 0.111299 0.702713 
0.702713 0.111299 0.702713 
0.702713 0.111299 0.702714 
0.702713 0.111299 -0.702713 
0.702713 0.111299 -0.702714 
0.702713 0.111299 -0.702713 
0.702714 0.111299 -0.702713 
0.446096 0.070655 -0.892192 
0.446096 0.070655 -0.892192 
0.446096 0.070655 -0.892192 
0.446096 0.070655 -0.892192 
0.315832 0.050023 -0.947496 
0.315832 0.050023 -0.947496 
0.987688 0.156434 -0.000000 
0.987688 0.156434 0.000000 
0.987688 0.156434 -0.000000 
0.987688 0.156434 0.000000 
0.987688 0.156434 -0.000000 
0.987688 0.156434 0.000000 
0.987688 0.156434 -0.000000 
0.987688 0.156434 0.000000 
0.446096 0.070655 0.892192 
0.446096 0.070655 0.892192 
0.446096 0.070655 0.892192 
0.446096 0.070655 0.892192 
0.702713 0.111299 0.702713 
0.702714 0.111299 0.702713 
0.987688 0.156434 -0.000000 
0.987688 0.156434 0.000000 
0.987688 0.156434 -0.000000 
0.987688 0.156434 0.000000 
0.987688 0.156434 -0.000000 
0.987688 0.156434 0.000000 
0.987688 0.156434 -0.000000 
0.987688 0.156434 0.000000 
0.702713 0.111299 -0.702713 
0.702713 0.111299 -0.702713 
0.702713 0.111299 -0.702713 
0.702713 0.111299 -0.702713 
0.702713 0.111299 -0.702713 
0.702713 0.111299 -0.702714 
0.702714 0.111299 -0.702714 
0.702714 0.111299 -0.702714 
0.702713 0.111299 -0.702713 
0.702714 0.111299 -0.702714 
0.242357 0.038386 -0.969428 
0.242357 0.038386 -0.969428 
0.284916 0.145172 0.947496 
0.284916 0.145172 0.947496 
0.633927 0.323002 0.702713 
0.633927 0.323002 0.702713 
0.633927 0.323002 0.702714 
0.633927 0.323002 0.702713 
0.633927 0.323002 -0.702713 
0.633927 0.323002 -0.702713 
0.633927 0.323002 -0.702713 
0.633927 0.323002 -0.702713 
0.402429 0.205048 -0.892192 
0.402429 0.205048 -0.892192 
0.402429 0.205048 -0.892192 
0.402429 0.205048 -0.892192 
0.284916 0.145172 -0.947496 
0.284916 0.145172 -0.947496 
0.891006 0.453991 -0.000000 
0.891006 0.453991 0.000000 
0.891006 0.453991 -0.000000 
0.891006 0.453991 0.000000 
0.891006 0.453991 -0.000000 
0.891006 0.453991 0.000000 
0.891006 0.453991 -0.000000 
0.891006 0.453991 0.000000 
0.402429 0.205048 0.892192 
0.402429 0.205048 0.892192 
0.402429 0.205048 0.892192 
0.402429 0.205048 0.892192 
0.633927 0.323002 0.702713 
0.633927 0.323002 0.702713 
0.891006 0.453991 -0.000000 
0.891006 0.453991 0.000000 
0.891006 0.453991 -0.000000 
0.891006 0.453991 0.000000 
0.891006 0.453991 -0.000000 
0.891006 0.453991 0.000000 
0.891006 0.453991 -0.000000 
0.891006 0.453991 0.000000 
0.633927 0.323002 -0.702713 
0.633927 0.323002 -0.702713 
0.633927 0.323002 -0.702713 
0.633927 0.323002 -0.702714 
0.633927 0.323002 -0.702714 
0.633927 0.323002 -0.702714 
0.633927 0.323002 -0.702713 
0.633927 0.323002 -0.702713 
0.633927 0.323002 -0.702714 
0.633927 0.323002 -0.702714 
0.218633 0.111399 -0.969427 
0.218633 0.111399 -0.969428 
0.226111 0.226111 0.947496 
0.226111 0.226111 0.947496 
0.503087 0.503087 0.702713 
0.503087 0.503087 0.702713 
0.503087 0.503087 0.702713 
0.503087 0.503087 0.702714 
0.503087 0.503087 -0.702713 
0.503087 0.503087 -0.702713 
0.503087 0.503087 -0.702713 
0.503087 0.503087 -0.702713 
0.319369 0.319369 -0.892192 
0.319369 0.319369 -0.892192 
0.319369 0.319369 -0.892192 
0.319369 0.319369 -0.892192 
0.226111 0.226111 -0.947496 
0.226111 0.226111 -0.947496 
0.707107 0.707107 -0.000000 
0.707107 0.707107 0.000000 
0.707107 0.707107 -0.000000 
0.707107 0.707107 0.000000 
0.707107 0.707107 -0.000000 
0.707107 0.707107 0.000000 
0.707107 0.707107 -0.000000 
0.707107 0.707107 0.000000 
0.319369 0.319369 0.892192 
0.319369 0.319369 0.892192 
0.319369 0.319369 0.892192 
0.319369 0.319369 0.892192 
0.503087 0.503087 0.702713 
0.503087 0.503087 0.702713 
0.707107 0.707107 -0.000000 
0.707107 0.707107 0.000000 
0.707107 0.707107 -0.000000 
0.707107 0.707107 0.000000 
0.707107 0.707107 -0.000000 
0.707107 0.707107 0.000000 
0.707107 0.707107 -0.000000 
0.707107 0.707107 0.000000 
0.503087 0.503087 -0.702713 
0.503087 0.503087 -0.702713 
0.503087 0.503087 -0.702713 
0.503087 0.503087 -0.702714 
0.503087 0.503087 -0.702714 
0.503087 0.503087 -0.702714 
0.503087 0.503087 -0.702713 
0.503087 0.503087 -0.702713 
0.503087 0.503087 -0.702714 
0.503087 0.503087 -0.702714 
0.173508 0.173508 -0.969428 
0.173508 0.173508 -0.969428 
0.145172 0.284916 0.947496 
0.145172 0.284916 0.947496 
0.323002 0.633927 0.702713 
0.323002 0.633927 0.702713 
0.323002 0.633927 0.702713 
0.323002 0.633927 0.702713 
0.323002 0.633927 -0.702713 
0.323002 0.633927 -0.702713 
0.323002 0.633927 -0.702713 
0.323002 0.633927 -0.702713 
0.205048 0.402429 -0.892192 
0.205048 0.402429 -0.892192 
0.205048 0.402429 -0.892192 
0.205048 0.402429 -0.892192 
0.145172 0.284916 -0.947496 
0.145172 0.284916 -0.947496 
0.453991 0.891006 -0.000000 
0.453991 0.891006 0.000000 
0.453991 0.891006 -0.000000 
0.453991 0.891006 0.000000 
0.453991 0.891006 -0.000000 
0.453991 0.891006 0.000000 
0.453991 0.891006 -0.000000 
0.453991 0.891006 0.000000 
0.205048 0.402429 0.892192 
0.205048 0.402429 0.892192 
0.205048 0.402429 0.892192 
0.205048 0.402429 0.892192 
0.323002 0.633927 0.702713 
0.323002 0.633927 0.702713 
0.453991 0.891006 -0.000000 
0.453991 0.891006 0.000000 
0.453991 0.891006 -0.000000 
0.453991 0.891006 0.000000 
0.453991 0.891006 -0.000000 
0.453991 0.891006 0.000000 
0.453991 0.891006 -0.000000 
0.453991 0.891006 0.000000 
0.323002 0.633927 -0.702713 
0.323002 0.633927 -0.702713 
0.323002 0.633927 -0.702714 
0.323002 0.633927 -0.702713 
0.323002 0.633927 -0.702714 
0.323002 0.633927 -0.702714 
0.323002 0.633927 -0.702713 
0.323002 0.633927 -0.702713 
0.323002 0.633927 -0.702714 
0.323002 0.633927 -0.702714 
0.111399 0.218633 -0.969427 
0.111399 0.218633 -0.969428 
0.050023 0.315832 0.947496 
0.050023 0.315832 0.947496 
0.111299 0.702714 0.702713 
0.111299 0.702713 0.702713 
0.111299 0.702713 0.702714 
0.111299 0.702713 0.702713 
0.111299 0.702713 -0.702713 
0.111299 0.702713 -0.702713 
0.111299 0.702714 -0.702713 
0.111299 0.702713 -0.702713 
0.070655 0.446096 -0.892192 
0.070655 0.446096 -0.892192 
0.070655 0.446096 -0.892192 
0.070655 0.446096 -0.892192 
0.050023 0.315832 -0.947496 
0.050023 0.315832 -0.947496 
0.156434 0.987688 -0.000000 
0.156434 0.987688 0.000000 
0.156434 0.987688 -0.000000 
0.156434 0.987688 0.000000 
0.156434 0.987688 -0.000000 
0.156434 0.987688 0.000000 
0.156434 0.987688 -0.000000 
0.156434 0.987688 0.000000 
0.070655 0.446096 0.892192 
0.070655 0.446096 0.892192 
0.070655 0.446096 0.892192 
0.070655 0.446096 0.892192 
0.111299 0.702713 0.702713 
0.111299 0.702713 0.702714 
0.156434 0.987688 -0.000000 
0.156434 0.987688 0.000000 
0.156434 0.987688 -0.000000 
0.156434 0.987688 0.000000 
0.156434 0.987688 -0.000000 
0.156434 0.987688 0.000000 
0.156434 0.987688 -0.000000 
0.156434 0.987688 0.000000 
0.111299 0.702714 -0.702713 
0.111299 0.702713 -0.702713 
0.111299 0.702713 -0.702713 
0.111299 0.702713 -0.702713 
0.111299 0.702713 -0.702714 
0.111299 0.702714 -0.702714 
0.111299 0.702714 -0.702713 
0.111299 0.702713 -0.702713 
0.111299 0.702713 -0.702713 
0.111299 0.702714 -0.702714 
0.038386 0.242357 -0.969427 
0.038386 0.242357 -0.969427 
-0.050023 0.315832 0.947496 
-0.050023 0.315832 0.947496 
-0.111299 0.702714 0.702714 
-0.111299 0.702714 0.702713 
-0.111299 0.702714 0.702714 
-0.111299 0.702713 0.702714 
-0.111299 0.702714 -0.702714 
-0.111299 0.702713 -0.702714 
-0.111299 0.702714 -0.702714 
-0.111299 0.702714 -0.702713 
-0.070655 0.446096 -0.892192 
-0.070655 0.446096 -0.892192 
-0.070655 0.446096 -0.892192 
-0.070655 0.446096 -0.892192 
-0.050023 0.315832 -0.947496 
-0.050023 0.315832 -0.947496 
-0.156434 0.987688 0.000000 
-0.156434 0.987688 0.000000 
-0.156434 0.987688 0.000000 
-0.156434 0.987688 0.000000 
-0.156434 0.987688 0.000000 
-0.156434 0.987688 0.000000 
-0.156434 0.987688 0.000000 
-0.156434 0.987688 0.000000 
-0.070655 0.446096 0.892192 
-0.070655 0.446096 0.892192 
-0.070655 0.446096 0.892192 
-0.070655 0.446096 0.892192 
-0.111299 0.702713 0.702713 
-0.111299 0.702714 0.702713 
-0.156434 0.987688 0.000000 
-0.156434 0.987688 0.000000 
-0.156434 0.987688 0.000000 
-0.156434 0.987688 0.000000 
-0.156434 0.987688 0.000000 
-0.156434 0.987688 0.000000 
-0.156434 0.987688 0.000000 
-0.156434 0.987688 0.000000 
-0.111299 0.702714 -0.702714 
-0.111299 0.702713 -0.702713 
-0.111299 0.702713 -0.702713 
-0.111299 0.702714 -0.702713 
-0.111299 0.702714 -0.702714 
-0.111299 0.702713 -0.702714 
-0.111299 0.702714 -0.702714 
-0.111299 0.702714 -0.702713 
-0.111299 0.702714 -0.702714 
-0.111299 0.702713 -0.702713 
-0.038386 0.242357 -0.969428 
-0.038386 0.242357 -0.969427 
-0.145172 0.284916 0.947496 
-0.145172 0.284916 0.947496 
-0.323002 0.633927 0.702713 
-0.323002 0.633927 0.702713 
-0.323002 0.633927 0.702713 
-0.323002 0.633927 0.702714 
-0.323002 0.633927 -0.702714 
-0.323002 0.633927 -0.702713 
-0.323002 0.633927 -0.702713 
-0.323002 0.633927 -0.702713 
-0.205048 0.402429 -0.892192 
-0.205048 0.402429 -0.892192 
-0.205048 0.402429 -0.892192 
-0.205048 0.402429 -0.892192 
-0.145172 0.284916 -0.947496 
-0.145172 0.284916 -0.947496 
-0.453991 0.891007 0.000000 
-0.453991 0.891007 0.000000 
-0.453991 0.891007 0.000000 
-0.453991 0.891007 0.000000 
-0.453991 0.891007 0.000000 
-0.453991 0.891007 0.000000 
-0.453991 0.891007 0.000000 
-0.453991 0.891007 0.000000 
-0.205048 0.402429 0.892192 
-0.205048 0.402429 0.892192 
-0.205048 0.402429 0.892192 
-0.205048 0.402429 0.892192 
-0.323002 0.633927 0.702713 
-0.323002 0.633927 0.702713 
-0.453990 0.891007 0.000000 
-0.453990 0.891007 0.000000 
-0.453990 0.891007 0.000000 
-0.453990 0.891007 0.000000 
-0.453990 0.891007 0.000000 
-0.453990 0.891007 0.000000 
-0.453990 0.891007 0.000000 
-0.453990 0.891007 0.000000 
-0.323002 0.633927 -0.702713 
-0.323002 0.633927 -0.702713 
-0.323002 0.633927 -0.702713 
-0.323002 0.633927 -0.702714 
-0.323002 0.633927 -0.702714 
-0.323002 0.633927 -0.702714 
-0.323002 0.633927 -0.702713 
-0.323002 0.633927 -0.702713 
-0.323002 0.633927 -0.702713 
-0.323002 0.633927 -0.702714 
-0.111399 0.218633 -0.969428 
-0.111399 0.218633 -0.969428 
-0.226111 0.226111 0.947496 
-0.226111 0.226111 0.947496 
-0.503087 0.503087 0.702713 
-0.503087 0.503087 0.702713 
-0.503087 0.503087 0.702713 
-0.503087 0.503087 0.702713 
-0.503087 0.503087 -0.702713 
-0.503087 0.503087 -0.702713 
-0.503087 0.503087 -0.702713 
-0.503087 0.503087 -0.702713 
-0.319369 0.319369 -0.892192 
-0.319369 0.319369 -0.892192 
-0.319370 0.319369 -0.892192 
-0.319369 0.319369 -0.892192 
-0.226111 0.226111 -0.947496 
-0.226111 0.226111 -0.947496 
-0.707107 0.707107 0.000000 
-0.707107 0.707107 0.000000 
-0.707107 0.707107 0.000000 
-0.707107 0.707107 0.000000 
-0.707107 0.707107 0.000000 
-0.707107 0.707107 0.000000 
-0.707107 0.707107 0.000000 
-0.707107 0.707107 0.000000 
-0.319369 0.319369 0.892192 
-0.319370 0.319369 0.892192 
-0.319369 0.319369 0.892192 
-0.319369 0.319369 0.892192 
-0.503087 0.503087 0.702713 
-0.503087 0.503087 0.702713 
-0.707107 0.707107 0.000000 
-0.707107 0.707107 0.000000 
-0.707107 0.707107 0.000000 
-0.707107 0.707107 0.000000 
-0.707107 0.707107 0.000000 
-0.707107 0.707107 0.000000 
-0.707107 0.707107 0.000000 
-0.707107 0.707107 0.000000 
-0.503087 0.503087 -0.702713 
-0.503087 0.503087 -0.702713 
-0.503087 0.503087 -0.702714 
-0.503087 0.503087 -0.702714 
-0.503087 0.503087 -0.702714 
-0.503087 0.503087 -0.702714 
-0.503087 0.503087 -0.702713 
-0.503087 0.503087 -0.702714 
-0.503087 0.503087 -0.702714 
-0.503088 0.503087 -0.702713 
-0.173508 0.173508 -0.969428 
-0.173508 0.173508 -0.969427 
-0.284916 0.145172 0.947496 
-0.284916 0.145172 0.947496 
-0.633927 0.323002 0.702713 
-0.633927 0.323002 0.702713 
-0.633927 0.323002 0.702713 
-0.633927 0.323002 0.702713 
-0.633927 0.323002 -0.702713 
-0.633927 0.323002 -0.702713 
-0.633927 0.323002 -0.702713 
-0.633927 0.323002 -0.702713 
-0.402429 0.205048 -0.892192 
-0.402429 0.205048 -0.892192 
-0.402429 0.205048 -0.892192 
-0.402429 0.205048 -0.892192 
-0.284916 0.145172 -0.947496 
-0.284916 0.145172 -0.947496 
-0.891006 0.453991 0.000000 
-0.891006 0.453991 0.000000 
-0.891006 0.453991 0.000000 
-0.891006 0.453991 0.000000 
-0.891006 0.453991 0.000000 
-0.891006 0.453991 0.000000 
-0.891006 0.453991 0.000000 
-0.891006 0.453991 0.000000 
-0.402429 0.205048 0.892192 
-0.402429 0.205048 0.892192 
-0.402429 0.205048 0.892192 
-0.402429 0.205048 0.892192 
-0.633927 0.323002 0.702713 
-0.633927 0.323002 0.702713 
-0.891006 0.453991 0.000000 
-0.891006 0.453991 0.000000 
-0.891006 0.453991 0.000000 
-0.891006 0.453991 0.000000 
-0.891006 0.453991 0.000000 
-0.891006 0.453991 0.000000 
-0.891006 0.453991 0.000000 
-0.891006 0.453991 0.000000 
-0.633927 0.323002 -0.702713 
-0.633927 0.323002 -0.702713 
-0.633927 0.323002 -0.702714 
-0.633927 0.323002 -0.702713 
-0.633927 0.323002 -0.702714 
-0.633927 0.323002 -0.702713 
-0.633927 0.323002 -0.702714 
-0.633927 0.323002 -0.702714 
-0.633927 0.323002 -0.702713 
-0.633927 0.323002 -0.702714 
-0.218633 0.111399 -0.969427 
-0.218633 0.111399 -0.969428 
-0.315832 0.050023 0.947496 
-0.315832 0.050023 0.947496 
-0.702713 0.111299 0.702713 
-0.702713 0.111299 0.702713 
-0.702713 0.111299 0.702713 
-0.702713 0.111299 0.702713 
-0.702713 0.111299 -0.702713 
-0.702713 0.111299 -0.702713 
-0.702713 0.111299 -0.702713 
-0.702713 0.111299 -0.702713 
-0.446096 0.070655 -0.892192 
-0.446096 0.070655 -0.892192 
-0.446096 0.070655 -0.892192 
-0.446096 0.070655 -0.892192 
-0.315832 0.050023 -0.947496 
-0.315832 0.050023 -0.947496 
-0.987688 0.156435 0.000000 
-0.987688 0.156435 0.000000 
-0.987688 0.156435 0.000000 
-0.987688 0.156435 0.000000 
-0.987688 0.156435 0.000000 
-0.987688 0.156435 0.000000 
-0.987688 0.156435 0.000000 
-0.987688 0.156435 0.000000 
-0.446096 0.070655 0.892192 
-0.446096 0.070655 0.892192 
-0.446096 0.070655 0.892192 
-0.446096 0.070655 0.892192 
-0.702713 0.111299 0.702713 
-0.702713 0.111299 0.702713 
-0.987688 0.156435 0.000000 
-0.987688 0.156435 0.000000 
-0.987688 0.156435 0.000000 
-0.987688 0.156435 0.000000 
-0.987688 0.156435 0.000000 
-0.987688 0.156435 0.000000 
-0.987688 0.156435 0.000000 
-0.987688 0.156435 0.000000 
-0.702713 0.111299 -0.702713 
-0.702713 0.111299 -0.702713 
-0.702713 0.111299 -0.702713 
-0.702713 0.111299 -0.702713 
-0.702713 0.111299 -0.702713 
-0.702714 0.111299 -0.702714 
-0.702714 0.111299 -0.702714 
-0.702713 0.111299 -0.702713 
-0.702713 0.111299 -0.702714 
-0.702714 0.111299 -0.702714 
-0.242357 0.038386 -0.969428 
-0.242357 0.038386 -0.969427 
-0.315832 -0.050023 0.947496 
-0.315832 -0.050023 0.947496 
-0.702713 -0.111299 0.702713 
-0.702713 -0.111299 0.702713 
-0.702713 -0.111299 0.702713 
-0.702713 -0.111299 0.702713 
-0.702713 -0.111299 -0.702713 
-0.702713 -0.111299 -0.702713 
-0.702713 -0.111299 -0.702713 
-0.702713 -0.111299 -0.702713 
-0.446096 -0.070655 -0.892192 
-0.446096 -0.070655 -0.892192 
-0.446096 -0.070655 -0.892192 
-0.446096 -0.070655 -0.892192 
-0.315832 -0.050023 -0.947496 
-0.315832 -0.050023 -0.947496 
-0.987688 -0.156435 0.000000 
-0.987688 -0.156435 0.000000 
-0.987688 -0.156435 0.000000 
-0.987688 -0.156435 0.000000 
-0.987688 -0.156435 0.000000 
-0.987688 -0.156435 0.000000 
-0.987688 -0.156435 0.000000 
-0.987688 -0.156435 0.000000 
-0.446096 -0.070655 0.892192 
-0.446096 -0.070655 0.892192 
-0.446096 -0.070655 0.892192 
-0.446096 -0.070655 0.892192 
-0.702713 -0.111299 0.702713 
-0.702713 -0.111299 0.702713 
-0.987688 -0.156435 0.000000 
-0.987688 -0.156435 0.000000 
-0.987688 -0.156435 0.000000 
-0.987688 -0.156435 0.000000 
-0.987688 -0.156435 0.000000 
-0.987688 -0.156435 0.000000 
-0.987688 -0.156435 0.000000 
-0.987688 -0.156435 0.000000 
-0.702713 -0.111299 -0.702713 
-0.702713 -0.111299 -0.702713 
-0.702713 -0.111299 -0.702713 
-0.702713 -0.111299 -0.702713 
-0.702713 -0.111299 -0.702713 
-0.702713 -0.111299 -0.702714 
-0.702714 -0.111299 -0.702714 
-0.702713 -0.111299 -0.702713 
-0.702713 -0.111299 -0.702713 
-0.702713 -0.111299 -0.702713 
-0.242357 -0.038386 -0.969428 
-0.242357 -0.038386 -0.969427 
-0.284916 -0.145172 0.947496 
-0.284916 -0.145172 0.947496 
-0.633927 -0.323002 0.702713 
-0.633927 -0.323002 0.702713 
-0.633927 -0.323002 0.702713 
-0.633927 -0.323002 0.702713 
-0.633927 -0.323002 -0.702713 
-0.633927 -0.323002 -0.702713 
-0.633927 -0.323002 -0.702713 
-0.633927 -0.323002 -0.702713 
-0.402429 -0.205048 -0.892192 
-0.402429 -0.205048 -0.892192 
-0.402429 -0.205048 -0.892192 
-0.402429 -0.205048 -0.892192 
-0.284916 -0.145172 -0.947496 
-0.284916 -0.145172 -0.947496 
-0.891006 -0.453991 0.000000 
-0.891006 -0.453991 0.000000 
-0.891006 -0.453991 0.000000 
-0.891006 -0.453991 0.000000 
-0.891006 -0.453991 0.000000 
-0.891006 -0.453991 0.000000 
-0.891006 -0.453991 0.000000 
-0.891006 -0.453991 0.000000 
-0.402429 -0.205048 0.892192 
-0.402429 -0.205048 0.892192 
-0.402429 -0.205048 0.892192 
-0.402429 -0.205048 0.892192 
-0.633927 -0.323002 0.702713 
-0.633927 -0.323002 0.702713 
-0.891006 -0.453991 0.000000 
-0.891006 -0.453991 0.000000 
-0.891006 -0.453991 0.000000 
-0.891006 -0.453991 0.000000 
-0.891006 -0.453991 0.000000 
-0.891006 -0.453991 0.000000 
-0.891006 -0.453991 0.000000 
-0.891006 -0.453991 0.000000 
-0.633927 -0.323002 -0.702713 
-0.633927 -0.323002 -0.702713 
-0.633927 -0.323002 -0.702713 
-0.633927 -0.323002 -0.702714 
-0.633927 -0.323002 -0.702713 
-0.633927 -0.323002 -0.702714 
-0.633927 -0.323002 -0.702713 
-0.633927 -0.323002 -0.702714 
-0.633927 -0.323002 -0.702714 
-0.633927 -0.323002 -0.702713 
-0.218633 -0.111399 -0.969427 
-0.218633 -0.111399 -0.969428 
-0.226111 -0.226111 0.947496 
-0.226111 -0.226111 0.947496 
-0.503087 -0.503087 0.702713 
-0.503087 -0.503087 0.702713 
-0.503087 -0.503087 0.702713 
-0.503087 -0.503087 0.702714 
-0.503087 -0.503087 -0.702713 
-0.503087 -0.503087 -0.702713 
-0.503087 -0.503087 -0.702713 
-0.503087 -0.503087 -0.702713 
-0.319369 -0.319369 -0.892192 
-0.319369 -0.319369 -0.892192 
-0.319369 -0.319369 -0.892192 
-0.319369 -0.319369 -0.892192 
-0.226111 -0.226111 -0.947496 
-0.226111 -0.226111 -0.947496 
-0.707107 -0.707107 0.000000 
-0.707107 -0.707107 0.000000 
-0.707107 -0.707107 0.000000 
-0.707107 -0.707107 0.000000 
-0.707107 -0.707107 0.000000 
-0.707107 -0.707107 0.000000 
-0.707107 -0.707107 0.000000 
-0.707107 -0.707107 0.000000 
-0.319370 -0.319369 0.892192 
-0.319369 -0.319369 0.892192 
-0.319369 -0.319369 0.892192 
-0.319369 -0.319369 0.892192 
-0.503087 -0.503087 0.702713 
-0.503087 -0.503087 0.702713 
-0.707107 -0.707107 0.000000 
-0.707107 -0.707107 0.000000 
-0.707107 -0.707107 0.000000 
-0.707107 -0.707107 0.000000 
-0.707107 -0.707107 0.000000 
-0.707107 -0.707107 0.000000 
-0.707107 -0.707107 0.000000 
-0.707107 -0.707107 0.000000 
-0.503087 -0.503087 -0.702713 
-0.503087 -0.503087 -0.702713 
-0.503087 -0.503087 -0.702714 
-0.503087 -0.503087 -0.702714 
-0.503087 -0.503087 -0.702714 
-0.503087 -0.503087 -0.702714 
-0.503087 -0.503087 -0.702714 
-0.503087 -0.503087 -0.702713 
-0.503087 -0.503087 -0.702713 
-0.503087 -0.503087 -0.702714 
-0.173508 -0.173508 -0.969428 
-0.173508 -0.173508 -0.969428 
-0.145172 -0.284916 0.947496 
-0.145172 -0.284916 0.947496 
-0.323002 -0.633927 0.702713 
-0.323002 -0.633927 0.702713 
-0.323002 -0.633927 0.702713 
-0.323002 -0.633927 0.702713 
-0.323002 -0.633927 -0.702714 
-0.323002 -0.633927 -0.702713 
-0.323002 -0.633927 -0.702713 
-0.323002 -0.633927 -0.702713 
-0.205048 -0.402429 -0.892192 
-0.205048 -0.402429 -0.892192 
-0.205048 -0.402429 -0.892192 
-0.205048 -0.402429 -0.892192 
-0.145172 -0.284916 -0.947496 
-0.145172 -0.284916 -0.947496 
-0.453991 -0.891007 0.000000 
-0.453991 -0.891007 0.000000 
-0.453991 -0.891007 0.000000 
-0.453991 -0.891007 0.000000 
-0.453991 -0.891007 0.000000 
-0.453991 -0.891007 0.000000 
-0.453991 -0.891007 0.000000 
-0.453991 -0.891007 0.000000 
-0.205048 -0.402429 0.892192 
-0.205048 -0.402429 0.892192 
-0.205048 -0.402429 0.892192 
-0.205048 -0.402429 0.892192 
-0.323002 -0.633927 0.702713 
-0.323002 -0.633927 0.702713 
-0.453990 -0.891007 0.000000 
-0.453990 -0.891007 0.000000 
-0.453990 -0.891007 0.000000 
-0.453990 -0.891007 0.000000 
-0.453990 -0.891007 0.000000 
-0.453990 -0.891007 0.000000 
-0.453990 -0.891007 0.000000 
-0.453990 -0.891007 0.000000 
-0.323002 -0.633927 -0.702713 
-0.323002 -0.633927 -0.702713 
-0.323002 -0.633927 -0.702714 
-0.323002 -0.633927 -0.702713 
-0.323002 -0.633927 -0.702714 
-0.323002 -0.633927 -0.702714 
-0.323002 -0.633927 -0.702713 
-0.323002 -0.633927 -0.702713 
-0.323002 -0.633927 -0.702714 
-0.323002 -0.633927 -0.702713 
-0.111399 -0.218633 -0.969428 
-0.111399 -0.218633 -0.969428 
-0.050023 -0.315832 0.947496 
-0.050023 -0.315832 0.947496 
-0.111299 -0.702714 0.702713 
-0.111299 -0.702714 0.702713 
-0.111299 -0.702713 0.702714 
-0.111299 -0.702714 0.702714 
-0.111299 -0.702714 -0.702714 
-0.111299 -0.702714 -0.702714 
-0.111299 -0.702714 -0.702713 
-0.111299 -0.702714 -0.702714 
-0.070655 -0.446096 -0.892192 
-0.070655 -0.446096 -0.892192 
-0.070655 -0.446096 -0.892192 
-0.070655 -0.446096 -0.892192 
-0.050023 -0.315832 -0.947496 
-0.050023 -0.315832 -0.947496 
-0.156434 -0.987688 0.000000 
-0.156434 -0.987688 0.000000 
-0.156434 -0.987688 0.000000 
-0.156434 -0.987688 0.000000 
-0.156434 -0.987688 0.000000 
-0.156434 -0.987688 0.000000 
-0.156434 -0.987688 0.000000 
-0.156434 -0.987688 0.000000 
-0.070655 -0.446096 0.892192 
-0.070655 -0.446096 0.892192 
-0.070655 -0.446096 0.892192 
-0.070655 -0.446096 0.892192 
-0.111299 -0.702714 0.702713 
-0.111299 -0.702714 0.702714 
-0.156434 -0.987688 0.000000 
-0.156434 -0.987688 0.000000 
-0.156434 -0.987688 0.000000 
-0.156434 -0.987688 0.000000 
-0.156434 -0.987688 0.000000 
-0.156434 -0.987688 0.000000 
-0.156434 -0.987688 0.000000 
-0.156434 -0.987688 0.000000 
-0.111299 -0.702714 -0.702713 
-0.111299 -0.702713 -0.702713 
-0.111299 -0.702714 -0.702713 
-0.111299 -0.702714 -0.702714 
-0.111299 -0.702713 -0.702714 
-0.111299 -0.702714 -0.702714 
-0.111299 -0.702714 -0.702713 
-0.111299 -0.702714 -0.702714 
-0.111299 -0.702714 -0.702713 
-0.111299 -0.702713 -0.702713 
-0.038386 -0.242357 -0.969428 
-0.038386 -0.242357 -0.969427 
0.050023 -0.315832 0.947496 
0.050023 -0.315832 0.947496 
0.111299 -0.702713 0.702713 
0.111299 -0.702714 0.702713 
0.111299 -0.702713 0.702713 
0.111299 -0.702713 0.702714 
0.111299 -0.702713 -0.702713 
0.111299 -0.702713 -0.702714 
0.111299 -0.702713 -0.702713 
0.111299 -0.702714 -0.702713 
0.070655 -0.446096 -0.892192 
0.070655 -0.446096 -0.892192 
0.070655 -0.446096 -0.892192 
0.070655 -0.446096 -0.892192 
0.050023 -0.315832 -0.947496 
0.050023 -0.315832 -0.947496 
0.156434 -0.987688 0.000000 
0.156434 -0.987688 0.000000 
0.156434 -0.987688 0.000000 
0.156434 -0.987688 0.000000 
0.156434 -0.987688 0.000000 
0.156434 -0.987688 0.000000 
0.156434 -0.987688 0.000000 
0.156434 -0.987688 0.000000 
0.070655 -0.446096 0.892192 
0.070655 -0.446096 0.892192 
0.070655 -0.446096 0.892192 
0.070655 -0.446096 0.892192 
0.111299 -0.702713 0.702713 
0.111299 -0.702714 0.702713 
0.156434 -0.987688 0.000000 
0.156434 -0.987688 0.000000 
0.156434 -0.987688 0.000000 
0.156434 -0.987688 0.000000 
0.156434 -0.987688 0.000000 
0.156434 -0.987688 0.000000 
0.156434 -0.987688 0.000000 
0.156434 -0.987688 0.000000 
0.111299 -0.702713 -0.702713 
0.111299 -0.702713 -0.702713 
0.111299 -0.702713 -0.702713 
0.111299 -0.702713 -0.702713 
0.111299 -0.702713 -0.702713 
0.111299 -0.702713 -0.702714 
0.111299 -0.702714 -0.702714 
0.111299 -0.702714 -0.702714 
0.111299 -0.702713 -0.702713 
0.111299 -0.702714 -0.702714 
0.038386 -0.242357 -0.969428 
0.038386 -0.242357 -0.969428 
0.145172 -0.284916 0.947496 
0.145172 -0.284916 0.947496 
0.323002 -0.633927 0.702713 
0.323002 -0.633927 0.702713 
0.323002 -0.633927 0.702714 
0.323002 -0.633927 0.702713 
0.323002 -0.633927 -0.702713 
0.323002 -0.633927 -0.702713 
0.323002 -0.633927 -0.702713 
0.323002 -0.633927 -0.702713 
0.205048 -0.402429 -0.892192 
0.205048 -0.402429 -0.892192 
0.205048 -0.402429 -0.892192 
0.205048 -0.402429 -0.892192 
0.145172 -0.284916 -0.947496 
0.145172 -0.284916 -0.947496 
0.453991 -0.891006 0.000000 
0.453991 -0.891006 0.000000 
0.453991 -0.891006 0.000000 
0.453991 -0.891006 0.000000 
0.453991 -0.891006 0.000000 
0.453991 -0.891006 0.000000 
0.453991 -0.891006 0.000000 
0.453991 -0.891006 0.000000 
0.205048 -0.402429 0.892192 
0.205048 -0.402429 0.892192 
0.205048 -0.402429 0.892192 
0.205048 -0.402429 0.892192 
0.323002 -0.633927 0.702713 
0.323002 -0.633927 0.702713 
0.453991 -0.891006 0.000000 
0.453991 -0.891006 0.000000 
0.453991 -0.891006 0.000000 
0.453991 -0.891006 0.000000 
0.453991 -0.891006 0.000000 
0.453991 -0.891006 0.000000 
0.453991 -0.891006 0.000000 
0.453991 -0.891006 0.000000 
0.323002 -0.633927 -0.702713 
0.323002 -0.633927 -0.702713 
0.323002 -0.633927 -0.702713 
0.323002 -0.633927 -0.702714 
0.323002 -0.633927 -0.702714 
0.323002 -0.633927 -0.702714 
0.323002 -0.633927 -0.702713 
0.323002 -0.633927 -0.702713 
0.323002 -0.633927 -0.702714 
0.323002 -0.633927 -0.702714 
0.111399 -0.218633 -0.969427 
0.111399 -0.218633 -0.969428 
0.226111 -0.226111 0.947496 
0.226111 -0.226111 0.947496 
0.503087 -0.503087 0.702713 
0.503087 -0.503087 0.702713 
0.503087 -0.503087 0.702713 
0.503087 -0.503087 0.702714 
0.503087 -0.503087 -0.702713 
0.503087 -0.503087 -0.702713 
0.503087 -0.503087 -0.702713 
0.503087 -0.503087 -0.702713 
0.319369 -0.319369 -0.892192 
0.319369 -0.319369 -0.892192 
0.319369 -0.319369 -0.892192 
0.319369 -0.319369 -0.892192 
0.226111 -0.226111 -0.947496 
0.226111 -0.226111 -0.947496 
0.707107 -0.707107 0.000000 
0.707107 -0.707107 0.000000 
0.707107 -0.707107 0.000000 
0.707107 -0.707107 0.000000 
0.707107 -0.707107 0.000000 
0.707107 -0.707107 0.000000 
0.707107 -0.707107 0.000000 
0.707107 -0.707107 0.000000 
0.319369 -0.319369 0.892192 
0.319369 -0.319369 0.892192 
0.319369 -0.319369 0.892192 
0.319369 -0.319369 0.892192 
0.503087 -0.503087 0.702713 
0.503087 -0.503087 0.702713 
0.707107 -0.707107 0.000000 
0.707107 -0.707107 0.000000 
0.707107 -0.707107 0.000000 
0.707107 -0.707107 0.000000 
0.707107 -0.707107 0.000000 
0.707107 -0.707107 0.000000 
0.707107 -0.707107 0.000000 
0.707107 -0.707107 0.000000 
0.503087 -0.503087 -0.702713 
0.503087 -0.503087 -0.702713 
0.503087 -0.503087 -0.702713 
0.503087 -0.503087 -0.702714 
0.503087 -0.503087 -0.702714 
0.503087 -0.503087 -0.702714 
0.503087 -0.503087 -0.702713 
0.503087 -0.503087 -0.702713 
0.503087 -0.503087 -0.702714 
0.503087 -0.503087 -0.702714 
0.173508 -0.173508 -0.969428 
0.173508 -0.173508 -0.969428 
0.284916 -0.145172 0.947496 
0.284916 -0.145172 0.947496 
0.633927 -0.323002 0.702713 
0.633927 -0.323002 0.702713 
0.633927 -0.323002 0.702713 
0.633927 -0.323002 0.702713 
0.633927 -0.323002 -0.702713 
0.633927 -0.323002 -0.702713 
0.633927 -0.323002 -0.702713 
0.633927 -0.323002 -0.702713 
0.402429 -0.205048 -0.892192 
0.402429 -0.205048 -0.892192 
0.402429 -0.205048 -0.892192 
0.402429 -0.205048 -0.892192 
0.284916 -0.145172 -0.947496 
0.284916 -0.145172 -0.947496 
0.891006 -0.453991 0.000000 
0.891006 -0.453991 0.000000 
0.891006 -0.453991 0.000000 
0.891006 -0.453991 0.000000 
0.891006 -0.453991 0.000000 
0.891006 -0.453991 0.000000 
0.891006 -0.453991 0.000000 
0.891006 -0.453991 0.000000 
0.402429 -0.205048 0.892192 
0.402429 -0.205048 0.892192 
0.402429 -0.205048 0.892192 
0.402429 -0.205048 0.892192 
0.633927 -0.323002 0.702713 
0.633927 -0.323002 0.702713 
0.891006 -0.453991 0.000000 
0.891006 -0.453991 0.000000 
0.891006 -0.453991 0.000000 
0.891006 -0.453991 0.000000 
0.891006 -0.453991 0.000000 
0.891006 -0.453991 0.000000 
0.891006 -0.453991 0.000000 
0.891006 -0.453991 0.000000 
0.633927 -0.323002 -0.702713 
0.633927 -0.323002 -0.702713 
0.633927 -0.323002 -0.702714 
0.633927 -0.323002 -0.702713 
0.633927 -0.323002 -0.702714 
0.633927 -0.323002 -0.702714 
0.633927 -0.323002 -0.702713 
0.633927 -0.323002 -0.702713 
0.633927 -0.323002 -0.702714 
0.633927 -0.323002 -0.702714 
0.218633 -0.111399 -0.969427 
0.218633 -0.111399 -0.969428 
0.315832 -0.050023 0.947496 
0.315832 -0.050023 0.947496 
0.702714 -0.111299 0.702713 
0.702713 -0.111299 0.702713 
0.702713 -0.111299 0.702714 
0.702713 -0.111299 0.702713 
0.702713 -0.111299 -0.702713 
0.702713 -0.111299 -0.702713 
0.702714 -0.111299 -0.702713 
0.702713 -0.111299 -0.702713 
0.446096 -0.070655 -0.892192 
0.446096 -0.070655 -0.892192 
0.446096 -0.070655 -0.892192 
0.446096 -0.070655 -0.892192 
0.315832 -0.050023 -0.947496 
0.315832 -0.050023 -0.947496 
0.987688 -0.156434 0.000000 
0.987688 -0.156434 0.000000 
0.987688 -0.156434 0.000000 
0.987688 -0.156434 0.000000 
0.987688 -0.156434 0.000000 
0.987688 -0.156434 0.000000 
0.987688 -0.156434 0.000000 
0.987688 -0.156434 0.000000 
0.446096 -0.070655 0.892192 
0.446096 -0.070655 0.892192 
0.446096 -0.070655 0.892192 
0.446096 -0.070655 0.892192 
0.702713 -0.111299 0.702713 
0.702713 -0.111299 0.702714 
0.987688 -0.156434 0.000000 
0.987688 -0.156434 0.000000 
0.987688 -0.156434 0.000000 
0.987688 -0.156434 0.000000 
0.987688 -0.156434 0.000000 
0.987688 -0.156434 0.000000 
0.987688 -0.156434 0.000000 
0.987688 -0.156434 0.000000 
0.702714 -0.111299 -0.702713 
0.702713 -0.111299 -0.702713 
0.702713 -0.111299 -0.702713 
0.702713 -0.111299 -0.702713 
0.702713 -0.111299 -0.702714 
0.702714 -0.111299 -0.702714 
0.702714 -0.111299 -0.702713 
0.702713 -0.111299 -0.702713 
0.702713 -0.111299 -0.702713 
0.702714 -0.111299 -0.702714 
0.242357 -0.038386 -0.969427 
0.242357 -0.038386 -0.969427 
