Vertices:
0.001000 0.000000 0.000000 
1.000000 0.000000 1.000000 
0.001000 0.000000 2.000000 
0.000000 0.001000 0.000000 
0.000000 1.000000 1.000000 
0.000000 0.001000 2.000000 
-0.001000 -0.000000 0.000000 
-1.000000 -0.000000 1.000000 
-0.001000 -0.000000 2.000000 
0.000000 -0.001000 0.000000 
0.000000 -1.000000 1.000000 
0.000000 -0.001000 2.000000 
Faces:
0 3 1 0 0 0 
1 3 4 1 1 1 
1 4 2 2 2 2 
2 4 5 3 3 3 
3 6 4 4 4 4 
4 6 7 5 5 5 
4 7 5 6 6 6 
5 7 8 7 7 7 
6 9 7 8 8 8 
7 9 10 9 9 9 
7 10 8 10 10 10 
8 10 11 11 11 11 
9 0 10 12 12 12 
10 0 1 13 13 13 
10 1 11 14 14 14 
11 1 2 15 15 15 
Normals:
0.577543 0.577543 -0.576965 
0.577543 0.577543 -0.576965 
0.577543 0.577543 0.576965 
0.577543 0.577543 0.576965 
-0.577543 0.577543 -0.576965 
-0.577543 0.577543 -0.576965 
-0.577543 0.577543 0.576965 
-0.577543 0.577543 0.576965 
-0.577543 -0.577543 -0.576965 
-0.577543 -0.577543 -0.576965 
-0.577543 -0.577543 0.576965 
-0.577543 -0.577543 0.576965 
0.577543 -0.577543 -0.576965 
0.577543 -0.577543 -0.576965 
0.577543 -0.577543 0.576965 
0.577543 -0.577543 0.576965 
